46595.89903
46596.07750
46725.66580
47207.43189
47304.26922
47364.91814
47367.99905
47372.95029
47375.84949
47389.99524
47476.50647
47478.76730
47479.70279
47481.64143
47509.69408
47556.23338
47580.36226
47583.48014
47605.20747
47611.42507
47619.22516
47656.14447
47675.90911
47682.97902
47732.05995
47739.05556
47747.87299
47749.96534
47882.61332
47898.37432
47989.04048
47989.40245
47994.37123
47996.07758
48000.35193
48005.33046
48009.35136
48020.27109
48024.25508
48033.30693
48123.97786
48135.79230
48141.98240
48147.87604
48168.56815
48170.87242
48176.90282
48179.87219
48217.74769
48219.78747
48329.18068
48331.30259
48333.11746
48343.32455
48346.39910
48350.11498
48448.09264
48455.11203
48504.63850
48507.87494
48521.95894
48579.74793
48585.76500
48588.68699
48591.72038
48594.75835
48599.70470
48602.67056
48606.69793
48626.59181
48646.28141
48649.59969
48661.51893
48716.07408
48721.27130
48764.95310
48765.92190
48771.10220
48888.85589
48898.88664
48901.89314
48904.88441
48908.88395
48913.86976
48926.81608
48951.59108
48955.71360
48966.62716
49374.46160
49384.35588
49391.35061
49398.50699
49412.21292
49418.46208
49421.50719
49486.26742
49487.07495
49487.18300
49488.29294
49489.04104
49489.11225
49489.17718
49489.97995
49491.21519
49492.18128
49494.95665
49496.24068
49501.02388
49504.91623
49567.06897
49578.76226
49633.73225
49664.75622
49665.55279
49665.80769
49675.79635
49677.71226
49679.71586
49864.14329
49869.24745
49877.19326
49878.08198
49941.68850
49941.99741
49942.92351
49943.04066
49943.75994
49943.93937
49944.71665
49944.94359
49945.75611
49946.93702
49947.00789
49952.84122
49952.97365
49953.73655
49953.92624
49954.79195
49954.91114
49955.77827
49955.93111
49956.75557
49956.92248
49957.69801
49957.86933
49961.81762
49961.97203
49962.68545
49962.89961
49963.76563
49963.92020
49964.84101
49964.96200
49965.68500
49965.84024
49966.76255
49966.98928
49967.87370
49967.96785
49968.71274
49968.90187
49969.85918
49969.94898
49970.68774
49970.95166
50023.58613
50070.69608
50079.67213
50174.26825
50184.07536
50234.13576
50239.07490
50304.87803
50310.96946
50314.93045
50317.85390
50320.03063
50325.94504
50327.89016
50327.94694
50329.63678
50356.89283
50365.88221
50373.67643
50414.40793
50423.67328
50432.68597
50474.56493
50479.58618
50484.54645
50617.17322
50617.87100
50618.88324
50621.17491
50625.13928
50628.06052
50629.06136
50633.09584
50636.79775
50637.10198
50734.52886
50737.79527
50744.79888
50748.81940
50775.71941
50809.39740
50815.60215
50893.13365
50897.41602
50900.42907
51012.01403
51017.09938
51023.08323
51032.04564
51036.05340
51043.02816
51059.95904
51067.83838
51073.88039
51080.89187
51086.56410
51091.89056
51107.82786
51113.81746
51119.58744
51125.81309
51132.42142
51136.45678
51148.42590
51160.39549
51167.50569
51172.58067
51178.39005
51184.65090
51200.54844
51205.59977
51212.48751
51219.52688
51229.18089
51238.19867
51248.15107
51256.30912
51274.39188
51287.23964
51303.96203
51365.03824
51366.12261
51367.09887
51368.07789
51369.09028
51370.11767
51371.02651
51372.04336
51373.11829
51374.05937
51375.04103
51376.03464
51377.08391
51377.97712
51378.97318
51380.01249
51381.05117
51381.79735
51383.02571
51386.01358
51387.03097
51387.88757
51388.71610
51389.84436
51390.76048
51391.99531
51392.93120
51394.01528
51394.72126
51395.02411
51395.95950
51396.73879
51397.05085
51398.05034
51398.94005
51399.73102
51400.02085
51400.99827
51402.96065
51403.96663
51404.86539
51405.93247
51431.95142
51432.79460
51433.65114
51457.80766
52081.11469
52084.10678
52085.10267
52086.10066
52088.09412
52089.09218
52093.08107
52094.07925
52095.07663
52096.07328
52100.06225
52101.05959
52102.05748
52103.05444
52110.03485
52115.02135
52116.01862
52117.01643
52122.99963
52123.99641
52128.98393
52130.97853
52135.96315
52136.96026
52137.95956
52153.91593
52154.91275
52156.90704
52157.90404
52158.90123
52162.92907
52172.86399
52178.84712
52192.80945
52199.78847
52239.68109
52241.67383
52242.67176
52243.66991
52244.66601
52245.66338
52247.65722
52249.65239
52250.65055
52251.64651
52252.64455
52253.64094
52254.63924
52255.63547
52256.63466
52256.65608
52257.63079
52258.62879
52259.62465
52260.64798
52261.62087
52349.37995
52351.37479
52352.37205
52356.36158
52359.37384
52447.13200
52448.13079
52449.12673
52450.12502
52451.12107
52452.11857
52456.10771
52457.10505
52458.10357
52461.09438
52462.09213
52463.08926
52464.08596
52465.08271
52466.08091
52467.07924
52468.07455
52471.06751
52472.06460
52473.06258
52474.05832
52475.05543
52480.04283
52481.04008
52482.03691
52485.02869
52486.02635
52487.02306
52492.00914
52493.00730
52494.00372
52498.99105
52499.98730
52500.98462
52505.97209
52506.96882
52507.96667
52508.96341
52509.95994
52510.95785
52515.94365
52516.94098
52517.93823
52518.93594
52519.93326
52520.93046
52522.92521
52526.91451
52530.90336
52531.90003
52536.88701
52537.88387
52538.88145
52542.85891
52543.85715
52554.82683
52555.82350
52556.82184
52559.81254
52560.81046
52561.80704
52563.80191
52835.05987
52836.05658
52838.05156
52842.04086
52843.03774
52844.03502
52848.02475
52849.02135
52850.01867
52865.97494
52866.97315
52867.97024
52868.96666
53034.37682
53041.46941
53600.90425
53603.75068
53606.86731
53635.86711
53637.86198
53638.85917
53640.85336
53641.85109
53642.84733
53643.84455
53644.84250
53645.84045
53646.83756
53647.83396
53648.83149
53649.82893
53650.82645
53651.82323
53652.82012
53653.81782
53829.33798
53830.33395
53831.33182
53832.32921
53833.32670
53834.32309
53835.32090
53847.28893
53854.26878
54166.21235
54169.46800
54182.15396
54194.12885
54194.40278
54207.07483
54208.01571
54220.11912
54361.65562
54364.63071
54367.80784
54370.60911
54373.61665
54376.74045
54379.58554
54633.17117
55025.06366
48935.68625
49402.51061
49466.32166
49535.86617
49924.83292
49977.6137
50331.67771
50963.89703
51811.82479
51819.79595
51821.87228
51835.52625
51945.50027
53491.06907
55095.89118
50036.67441
