55036.742824
55163.698363
55210.312497
55409.8152269
55414.817271
55551.581098
55933.514077
55952.300547
56293.58883
56851.012048
56852.008925
56863.979998
56864.97392
56865.971261
56867.957145
57995.8981
57999.88741
58000.884718
58017.838033
58022.824338
5.485036388399999851e+04
5.485537006500000280e+04
5.486123460499999783e+04
5.486636208099999931e+04
5.487154361600000266e+04
5.487626295399999799e+04
5.488228706399999646e+04
5.490516991399999824e+04
5.491108172599999671e+04
5.492336398300000292e+04
5.492820821900000010e+04
5.493325799499999994e+04
5.493825381000000198e+04
5.494414641000000120e+04
5.495396463000000222e+04
5.495812600999999995e+04
5.496229443000000174e+04
5.497219393300000229e+04
5.497615563600000314e+04
5.497995887200000288e+04
5.498504159800000343e+04
5.503304227700000047e+04
5.503674282400000084e+04
5.504895014300000184e+04
5.505397387400000298e+04
5.505779229699999996e+04
5.506194908800000121e+04
5.506775583000000188e+04
5.507298884800000087e+04
5.507299924800000008e+04
5.507798888599999918e+04
5.508386908099999710e+04
5.508889080500000273e+04
5.509260065900000336e+04
5.509589202800000203e+04
5.509977961099999811e+04
5.510577585099999851e+04
5.510985337299999810e+04
