5.511980825899999763e+04
5.513084152200000244e+04
5.513553815100000065e+04
5.515056344199999876e+04
5.516971024999999645e+04
5.516971607799999765e+04
5.517468623700000171e+04
5.518047075999999652e+04
5.518458212600000115e+04
5.518836619600000267e+04
5.519335979999999836e+04
5.520239700499999890e+04
5.520648929900000076e+04
5.521643125200000213e+04
5.522043256799999654e+04
5.522451590299999953e+04
5.523029233899999963e+04
5.523445806199999788e+04
5.524042785400000139e+04
5.524533827800000290e+04
5.524944577500000014e+04
5.525435128899999836e+04
5.525938943100000324e+04
5.526841400900000008e+04
5.529031930100000318e+04
5.529429019500000140e+04
5.530329415400000289e+04
5.531525474499999837e+04
5.532008571099999972e+04
5.532518960900000093e+04
5.533124695300000167e+04
5.533495328699999664e+04
5.536010474899999826e+04
5.536902017899999919e+04
5.537807882899999822e+04
5.538494960900000297e+04
5.538902192900000227e+04
5.539585648599999695e+04
5.540303433599999698e+04
5.542202622400000109e+04
5.542797281900000235e+04
5.543490834599999653e+04
5.544273041599999851e+04
5.544273632099999668e+04
5.545190715400000045e+04
5.546890361100000155e+04
5.547686097500000324e+04
5.548582067999999708e+04
5.548583093699999881e+04
5.549379653200000030e+04
5.553268497000000207e+04
5.553956339699999808e+04
5.554751479500000278e+04
5.555057777000000351e+04
5.555637888099999691e+04
5.556929928099999961e+04
5.558050567099999898e+04
5.558957306200000312e+04
5.559550741900000139e+04
5.560354962800000067e+04
5.561240394299999753e+04
5.561940319299999828e+04
5.563646063400000276e+04
5.564513105799999903e+04
5.565311043100000097e+04
5.566230017100000259e+04
5.566933044399999926e+04
5.567718181200000254e+04
5.568825183500000276e+04
5.569524596200000087e+04
5.570918670099999872e+04
5.571914366200000222e+04
5.573093762399999832e+04
5.573887697099999787e+04
5.574701986000000034e+04
5.575400210199999856e+04
5.577375463899999886e+04
5.578203520099999878e+04
5.579400022500000341e+04
5.580288400800000090e+04
5.580868690899999638e+04
5.582892546600000060e+04
5.584072182800000155e+04
5.584179261499999848e+04
5.584979967100000067e+04
5.584980857300000207e+04
5.586280339600000298e+04
5.587672714299999643e+04
5.588959705699999904e+04
5.588960602199999994e+04
5.589862789699999848e+04
5.591255879899999854e+04
5.592341508299999987e+04
5.594141134700000111e+04
5.596149480200000107e+04
5.596848563599999761e+04
5.597628519399999641e+04
5.598742886200000066e+04
5.600339008099999774e+04
5.601040166199999658e+04
5.601807279700000072e+04
5.603025238800000079e+04
5.603719253800000297e+04
5.605019595100000151e+04
5.606319228499999736e+04
5.606323183799999970e+04
5.607615541200000007e+04
5.608601900400000159e+04
5.610114205799999763e+04
5.611107632300000114e+04
5.611110516800000187e+04
5.612801358099999925e+04
5.612803454999999667e+04
5.614000307199999952e+04
5.615491512299999886e+04
5.615492039800000202e+04
5.615494935100000293e+04
5.617394995200000267e+04
5.618484264100000291e+04
5.624775820699999895e+04
5.625965774100000272e+04
5.631054226499999641e+04
5.633051446800000122e+04
5.635240632999999798e+04
5.636639573899999959e+04
5.637816065600000002e+04
5.639022499399999651e+04
5.640519443799999863e+04
5.642023879899999883e+04
5.642025571399999899e+04
5.644319386200000008e+04
5.646812404499999684e+04
5.648300434200000018e+04
5.649206177600000228e+04
5.649997412400000030e+04
5.649999827999999980e+04
5.650890645799999766e+04
5.651779142300000240e+04
5.652793854599999759e+04
5.653692581200000132e+04
5.656090397700000176e+04
5.657186905200000183e+04
5.660078857299999800e+04
5.662766225400000258e+04
5.663367911399999866e+04
5.666343071100000088e+04
5.667949769299999753e+04
5.670024977400000353e+04
5.671620575300000201e+04
5.674133759599999757e+04
5.675332813799999713e+04
5.675332967300000018e+04
5.675333498500000132e+04
5.676926999999999680e+04
5.678230184900000313e+04
5.681218031699999847e+04
5.682716306900000200e+04
5.685699566800000321e+04
5.686400777099999686e+04
5.686699941699999908e+04
5.686896098199999687e+04
5.686899241199999960e+04
5.686995872499999678e+04
5.686997422999999981e+04
5.688196698699999979e+04
5.689876762199999939e+04
5.690882906199999707e+04
5.691783968900000036e+04
5.692789137499999924e+04
5.693585557200000039e+04
5.695479686100000254e+04
5.696951831400000083e+04
5.697970292299999710e+04
5.698872976300000300e+04
5.699773155599999882e+04
5.701164218999999866e+04
5.702939201499999763e+04
5.704056204299999808e+04
5.705751003800000035e+04
5.707028418399999646e+04
5.710238578899999993e+04
5.712224417900000117e+04
5.713920393399999739e+04
5.715519085900000209e+04
5.715519935899999837e+04
5.716923293199999898e+04
5.719212183899999945e+04
5.719213261500000226e+04
5.721003241400000115e+04
5.722706095300000015e+04
5.724893804899999668e+04
5.726497591700000339e+04
5.727665121099999669e+04
5.728961076299999695e+04
5.730781348299999809e+04
5.731952861899999698e+04
5.735839797900000121e+04
5.736767475600000034e+04
5.738945695700000215e+04
5.740359695300000021e+04
5.741134348699999828e+04
5.743323988899999677e+04
5.745839385900000343e+04
5.747239593600000080e+04
5.748632578300000023e+04
5.749527616100000159e+04
5.750527788000000146e+04
5.750528001999999833e+04
5.751430817699999898e+04
5.752415312599999743e+04
5.753519095599999855e+04
5.759992152399999759e+04
5.760897930199999973e+04
5.762193358799999987e+04
5.762968450699999812e+04
5.763793235100000311e+04
5.766079517299999861e+04
5.767179636100000062e+04
5.769174691799999709e+04
5.770568023399999947e+04
5.770572273799999675e+04
5.770576483200000075e+04
5.771872432700000354e+04
5.772967878300000302e+04
5.774359541400000307e+04
5.775055472800000280e+04
5.776559607500000129e+04
5.777558628299999691e+04
5.780052310800000123e+04
5.780149486600000091e+04
5.781912962800000241e+04
5.783518813300000329e+04
5.785009641800000099e+04
5.794204565500000172e+04
5.794404014299999835e+04
5.795603151600000274e+04
5.797002915499999654e+04
5.798291066000000137e+04
5.798292222100000072e+04
5.799689544700000260e+04
5.799789277399999992e+04
5.799889104699999734e+04
5.800985527300000103e+04
5.801684160900000279e+04
5.803080250399999932e+04
5.803279608100000041e+04
5.804077739799999836e+04
5.804177282900000137e+04
5.804476458599999751e+04
5.804776271799999813e+04
5.806867860900000233e+04
5.808466767399999662e+04
5.809160598800000298e+04
5.810537806000000273e+04
5.812042537099999754e+04
5.813636981499999820e+04
5.816930108699999982e+04
5.821710861799999839e+04
5.825419151499999862e+04
5.825518834100000095e+04
5.826017499600000156e+04
5.826216977700000280e+04
5.826817353800000274e+04
5.833300989400000253e+04
5.834294125999999960e+04
5.841676677100000234e+04
5.842469527899999957e+04
5.843871984599999996e+04
5.844546509900000092e+04
5.845773487200000091e+04
5.847159693700000207e+04
5.848563440599999740e+04
5.849936139900000126e+04
5.855018498299999919e+04
5.858034667700000136e+04
5.858832473400000163e+04
5.860228666499999963e+04
5.860826976299999660e+04
5.860926719800000137e+04
5.861026451999999699e+04
5.861126165200000105e+04
5.861325645500000246e+04
5.862223159999999916e+04
5.863220485300000291e+04
5.878381545799999731e+04
5.879970685799999774e+04
5.881170312600000034e+04
5.883665351199999714e+04
5.884659628499999963e+04
5.885360449499999959e+04
5.886060509099999763e+04
5.886532231499999762e+04
5.889736725899999874e+04
5.891346919599999819e+04
5.903208894100000180e+04
5.910289566999999806e+04
5.911284673099999782e+04
5.912190679100000125e+04
5.913962035599999945e+04
5.914477657899999758e+04
5.915667754199999763e+04
5.917274412599999778e+04
5.917275641699999687e+04
5.917960199499999726e+04
5.918060647900000185e+04
5.918061956099999952e+04
5.918261446799999976e+04
5.918365337000000000e+04
5.918861856799999805e+04
5.918961609599999792e+04
5.919061333900000318e+04
5.919559996700000193e+04
5.920058607299999858e+04
5.920258101100000204e+04
5.920357767700000113e+04
5.920457524199999898e+04
5.920838787500000035e+04
5.922063917300000321e+04
5.923549483599999803e+04
5.924845895700000256e+04
5.927041868000000250e+04
5.928726597700000275e+04
5.929841555099999823e+04
5.931935654700000305e+04
5.932928423599999951e+04
5.933906575899999734e+04
5.935404997700000240e+04
5.939213034399999742e+04
5.940286059399999795e+04
5.941907141199999751e+04
5.943090604799999710e+04
5.944303237000000081e+04
5.945389303300000029e+04
5.946589527899999666e+04
5.947793095599999651e+04
5.949785099099999934e+04
