5.485037013699999807e+04 9.685546999999999213e-03 1.557343000000000041e-04
5.485537629000000015e+04 9.490234000000000170e-03 1.507210999999999892e-04
5.486124072699999670e+04 9.596191000000000443e-03 2.965380999999999790e-04
5.486636845999999787e+04 9.322754000000000804e-03 1.742849000000000091e-04
5.487154985499999748e+04 9.648926000000000378e-03 2.199678000000000050e-04
5.487626817100000335e+04 9.506835999999999412e-03 1.887831999999999987e-04
5.488229334499999823e+04 9.730469000000000271e-03 1.990435999999999996e-04
5.490517482700000255e+04 1.050146000000000066e-02 3.273943999999999769e-04
5.491108645599999727e+04 1.026611000000000017e-02 9.043796999999999904e-04
5.492337129699999787e+04 1.259619000000000016e-02 7.159421000000000448e-04
5.492821446899999864e+04 1.184863000000000062e-02 4.824412000000000253e-04
5.493326423500000237e+04 1.185596000000000046e-02 4.348819999999999878e-04
5.493825873799999681e+04 1.400195000000000085e-02 5.669464999999999835e-04
5.494415000200000213e+04 1.183593999999999966e-02 9.682995000000000014e-04
5.495396921100000327e+04 1.473827999999999944e-02 1.909216000000000038e-03
5.495812904800000251e+04 9.848145000000000857e-03 7.665042999999999856e-04
5.496230069399999775e+04 1.923729999999999885e-02 1.671055000000000066e-03
5.497220006100000319e+04 1.088085999999999914e-02 2.614030999999999842e-04
5.497616168900000048e+04 1.064258000000000044e-02 5.537305999999999869e-04
5.497996383300000161e+04 1.963232000000000171e-02 1.371845999999999916e-03
5.498504884100000345e+04 1.063476999999999999e-02 4.214714999999999846e-04
5.503304832100000203e+04 1.004540999999999941e-02 3.772444000000000231e-04
5.503674999799999932e+04 1.358545000000000065e-02 1.256303000000000064e-03
5.504895648100000108e+04 9.068847999999999146e-03 1.272257000000000108e-04
5.505397992099999828e+04 9.547362999999999683e-03 1.248177999999999961e-04
5.505779861199999868e+04 8.905761999999999359e-03 1.407896999999999914e-04
5.506195532300000195e+04 9.210449000000000760e-03 1.204963999999999937e-04
5.506776180700000259e+04 8.993163999999999672e-03 1.284772000000000106e-04
5.507299467600000207e+04 9.026367000000000418e-03 1.404176000000000089e-04
5.507300028800000291e+04 8.763672000000000128e-03 3.911925000000000124e-04
5.507799554299999727e+04 8.523925999999999378e-03 1.651431000000000079e-04
5.508387546200000361e+04 8.587891000000000274e-03 1.208125999999999959e-04
5.508889710599999671e+04 9.042968999999999660e-03 1.362753000000000130e-04
5.509260775299999659e+04 9.171874999999999473e-03 3.992377999999999877e-04
5.509589762599999813e+04 8.841309000000000320e-03 1.302108999999999970e-04
5.509978518600000098e+04 9.110352000000000380e-03 1.135367000000000001e-04
5.510578217600000062e+04 1.003418000000000018e-02 2.103863999999999886e-04
5.510985931800000253e+04 1.000536999999999954e-02 2.044701000000000060e-04
5.511981359900000098e+04 1.129003999999999945e-02 4.055943000000000005e-04
5.513084698799999751e+04 1.104149999999999923e-02 5.816877999999999502e-04
5.513554467699999805e+04 1.590770999999999852e-02 9.219338000000000533e-04
5.515057002500000090e+04 1.343895999999999979e-02 4.896482999999999652e-04
5.516370370299999922e+04 1.721483999999999862e-02 1.567136999999999914e-03
5.516971417400000064e+04 1.892040999999999862e-02 1.241860999999999920e-03
5.516971845900000335e+04 1.822558999999999985e-02 1.580851999999999995e-03
5.517469161000000167e+04 2.023242000000000096e-02 1.336291999999999992e-03
5.518047609999999986e+04 1.854199000000000125e-02 1.223649000000000047e-03
5.518458755999999994e+04 1.852782999999999861e-02 1.448761999999999923e-03
5.518837210800000321e+04 1.945946999999999955e-02 1.479024000000000007e-03
5.519336620399999811e+04 2.250976999999999839e-02 2.232379000000000047e-03
5.520240225600000122e+04 1.626806999999999906e-02 1.479367000000000095e-03
5.520649490599999990e+04 1.949756000000000059e-02 1.581430999999999896e-03
5.521031979100000171e+04 1.776708999999999927e-02 1.359952999999999900e-03
5.521643842500000028e+04 1.800049000000000093e-02 1.499586999999999925e-03
5.522043877500000235e+04 1.742285000000000014e-02 1.491549000000000000e-03
5.522452222299999994e+04 1.971289000000000027e-02 1.432448999999999919e-03
5.523029843899999833e+04 2.166797000000000167e-02 1.091360999999999894e-03
5.523446458300000086e+04 1.948975000000000013e-02 1.390278000000000000e-03
5.524043431799999962e+04 1.902685999999999961e-02 1.059842999999999983e-03
5.524534404000000359e+04 2.098389000000000157e-02 1.182604999999999984e-03
5.524945138600000064e+04 1.997217000000000089e-02 1.395081999999999963e-03
5.525435735099999874e+04 1.820263999999999910e-02 1.144230999999999894e-03
5.525939554399999906e+04 2.034472999999999837e-02 1.058167999999999956e-03
5.526842054400000052e+04 9.913573999999999650e-03 1.561772000000000063e-04
5.529032471100000112e+04 2.064208999999999836e-02 1.117406999999999949e-03
5.529429641200000333e+04 1.849268000000000092e-02 1.255631000000000108e-03
5.530330086699999811e+04 9.764648000000000772e-03 1.477425000000000038e-04
5.531525989300000219e+04 9.076660000000000283e-03 3.206088000000000058e-04
5.532009207299999980e+04 9.159667999999999283e-03 4.291152999999999808e-04
5.532519618199999968e+04 9.373535000000000547e-03 1.383586000000000071e-04
5.533125306599999749e+04 9.058593999999999674e-03 1.277538999999999899e-04
5.533495943300000363e+04 8.480957000000000773e-03 2.656822999999999889e-04
5.536011093799999799e+04 8.947754000000000471e-03 1.958704999999999875e-04
5.536902662099999725e+04 9.112792999999999241e-03 2.747900000000000169e-04
5.537808507000000100e+04 1.047655999999999935e-02 4.696815999999999925e-04
5.538495601799999713e+04 1.021239999999999995e-02 3.086373999999999802e-04
5.538902812299999641e+04 1.219336000000000031e-02 6.457052999999999925e-04
5.539586296199999924e+04 1.170410000000000027e-02 6.303355000000000503e-04
5.540304062400000112e+04 1.125342000000000009e-02 5.730312999999999900e-04
5.540982135500000004e+04 1.380713000000000079e-02 1.040480000000000094e-03
5.541482395800000086e+04 1.590967000000000076e-02 1.700529000000000103e-03
5.542203159800000140e+04 1.071533000000000034e-02 5.639287000000000206e-04
5.542797818299999926e+04 1.352831999999999993e-02 1.299053000000000100e-03
5.543491412300000229e+04 1.222118999999999983e-02 1.112714000000000108e-03
5.544272557300000335e+04 1.135106999999999956e-02 7.005250000000000192e-04
5.544274259100000199e+04 1.078711000000000080e-02 6.587630000000000352e-04
5.545191365799999767e+04 1.089844000000000056e-02 4.087658999999999889e-04
5.546890960400000040e+04 2.086278999999999911e-02 1.047252000000000035e-03
5.547686724500000128e+04 1.721972999999999906e-02 1.179333000000000074e-03
5.548582638800000132e+04 1.899999999999999953e-02 9.665553000000000122e-04
5.548583200300000317e+04 1.893212999999999840e-02 2.503076999999999819e-03
5.549380283500000223e+04 2.025000000000000064e-02 1.286025000000000102e-03
5.551873784799999703e+04 1.050194999999999948e-02 8.506485000000000261e-04
5.552655775300000096e+04 1.032177999999999915e-02 1.521517999999999916e-03
5.552960578900000110e+04 9.915527000000000368e-03 8.161918999999999468e-04
5.553176643599999807e+04 1.017626999999999941e-02 4.240245000000000125e-04
5.553269432999999844e+04 6.649414000000000192e-03 8.859004999999999658e-04
5.553957308899999771e+04 1.042676000000000019e-02 8.845812999999999463e-04
5.554752540600000066e+04 7.523926000000000225e-03 5.633520000000000368e-04
5.555058831099999952e+04 1.047851999999999985e-02 8.562361999999999794e-04
5.555159131999999954e+04 7.529784999999999777e-03 6.901989000000000301e-04
5.555638518399999884e+04 8.796386999999999262e-03 1.486039000000000088e-04
5.556930543900000339e+04 9.479980000000000698e-03 2.594523999999999962e-04
5.558051157499999681e+04 1.041943000000000036e-02 2.290150000000000020e-04
5.558957922300000064e+04 1.241454999999999989e-02 4.577847999999999813e-04
5.559551359899999807e+04 1.342432000000000000e-02 5.561484999999999693e-04
5.560355590200000006e+04 1.791991999999999891e-02 1.166984000000000033e-03
5.561241030100000353e+04 1.813671999999999854e-02 1.114437999999999930e-03
5.561940931699999783e+04 1.285302999999999966e-02 5.345642999999999532e-04
5.563646695500000351e+04 1.718213000000000032e-02 1.219943999999999933e-03
5.564513616999999795e+04 1.495556999999999963e-02 2.329889999999999826e-03
5.565311354099999880e+04 1.663573999999999956e-02 1.755330000000000041e-03
5.566230578899999819e+04 1.838965000000000044e-02 1.450363000000000086e-03
5.566933657300000050e+04 1.816357000000000041e-02 1.196215000000000039e-03
5.567718802100000175e+04 1.913085999999999953e-02 1.438002999999999981e-03
5.568825781399999687e+04 2.145019999999999913e-02 1.472014999999999912e-03
5.569525179599999683e+04 1.685448999999999975e-02 1.271956000000000085e-03
5.570919305500000337e+04 1.864160000000000122e-02 1.438323999999999939e-03
5.571914976800000295e+04 1.858057000000000111e-02 1.219135000000000097e-03
5.573094305500000337e+04 2.168358999999999912e-02 1.256371999999999958e-03
5.573888124899999821e+04 2.084862999999999994e-02 1.314774000000000108e-03
5.574702361299999757e+04 1.623047000000000031e-02 1.616082999999999929e-03
5.575400752400000056e+04 1.593456999999999860e-02 1.454206999999999896e-03
5.577376047400000243e+04 9.226074000000000774e-03 1.790313000000000082e-04
5.578204056699999637e+04 9.109862999999999295e-03 1.454004999999999913e-04
5.579400567099999898e+04 8.760742000000000182e-03 3.191930000000000049e-04
5.580288952399999835e+04 9.197266000000000816e-03 1.181251999999999986e-04
5.580869021700000303e+04 8.998047000000000337e-03 1.907993000000000080e-04
5.582893090300000040e+04 9.709960999999999592e-03 1.809437000000000003e-04
5.584072447899999679e+04 1.030761999999999998e-02 2.286698000000000040e-04
5.584179687500000000e+04 1.017968999999999992e-02 2.256620000000000088e-04
5.584980456899999990e+04 1.007665999999999944e-02 1.870134999999999875e-04
5.584980978000000323e+04 1.020019999999999954e-02 3.970498999999999947e-04
5.586280862199999683e+04 1.233983999999999949e-02 6.184647000000000148e-04
5.587673252399999910e+04 1.500292999999999939e-02 8.510713000000000045e-04
5.588960173400000349e+04 1.172411999999999933e-02 4.113734999999999874e-04
5.588960723400000279e+04 1.253026999999999960e-02 7.692042999999999971e-04
5.589863350699999864e+04 1.180566000000000081e-02 3.716031000000000065e-04
5.591256458299999940e+04 1.002196999999999984e-02 3.152779000000000193e-04
5.592342066099999647e+04 1.784130999999999911e-02 1.325833999999999910e-03
5.593351956000000064e+04 2.062353999999999923e-02 6.551568000000000018e-04
5.594141683999999805e+04 1.009863000000000080e-02 1.195118000000000032e-04
5.595230503599999793e+04 2.016259999999999927e-02 1.171451999999999910e-03
5.596149970900000335e+04 9.458008000000000387e-03 1.419590999999999941e-04
5.596849120399999811e+04 9.015136999999999456e-03 1.265727000000000020e-04
5.597628981400000339e+04 9.196288999999999852e-03 1.059952999999999980e-04
5.598743426100000215e+04 9.110840000000000258e-03 1.234928000000000046e-04
5.600339525500000309e+04 9.070800999999999864e-03 1.196918999999999983e-04
5.601040723499999876e+04 9.089843999999999702e-03 1.600189000000000071e-04
5.601807864600000175e+04 1.003222999999999962e-02 2.321175999999999882e-04
5.603025763700000243e+04 1.251073999999999936e-02 5.441734999999999628e-04
5.603719797500000277e+04 1.418261999999999995e-02 4.992328000000000087e-04
5.605020306600000185e+04 1.615282999999999997e-02 5.597425999999999964e-04
5.606321272799999861e+04 1.954882999999999968e-02 4.296305000000000263e-04
5.606323315900000307e+04 1.965087999999999904e-02 1.303315999999999893e-03
5.607617603899999813e+04 1.937354000000000159e-02 5.109023000000000297e-04
5.608604097200000251e+04 1.847412000000000012e-02 4.977039999999999633e-04
5.610116342599999916e+04 1.911962999999999857e-02 7.408440000000000511e-04
5.611109610699999757e+04 1.268505999999999974e-02 2.003693000000000130e-04
5.611111121499999717e+04 1.405371000000000051e-02 6.141071999999999807e-04
5.612803350599999976e+04 1.983887000000000150e-02 6.045576000000000205e-04
5.612804467699999805e+04 1.994384999999999908e-02 7.314708999999999968e-04
5.614002384200000233e+04 1.939551000000000122e-02 6.621584999999999928e-04
5.615493454799999745e+04 1.967040999999999928e-02 5.691742999999999759e-04
5.615493379699999787e+04 1.994922000000000015e-02 9.061807999999999755e-04
5.615495324100000289e+04 1.884569999999999995e-02 1.316136999999999993e-03
5.617397175900000002e+04 1.943945000000000048e-02 6.013388000000000370e-04
5.618486226799999713e+04 1.909082000000000140e-02 5.029208999999999980e-04
5.624777783300000010e+04 9.083495999999999931e-03 7.097885000000000229e-05
5.625967783600000257e+04 9.109374999999999417e-03 7.482647999999999784e-05
5.629362129000000277e+04 1.034229000000000051e-02 1.668482999999999902e-03
5.630956782199999725e+04 1.043457000000000065e-02 2.425060000000000150e-03
5.633053368000000046e+04 1.864110999999999893e-02 4.871168999999999846e-04
5.635242679299999872e+04 1.108740000000000073e-02 1.163327999999999986e-04
5.636641713000000163e+04 2.048291000000000001e-02 4.535801000000000112e-04
5.637818055699999968e+04 9.632323999999999400e-03 8.792164000000000478e-05
5.639024392000000080e+04 1.089159999999999955e-02 1.227261999999999906e-04
5.640521632099999988e+04 9.354492000000000709e-03 6.588003000000000153e-05
5.642026012099999934e+04 9.138184000000000584e-03 7.201287999999999483e-05
5.642026880800000072e+04 9.133300999999999920e-03 8.575936000000000149e-05
5.644321441100000084e+04 9.065429999999999322e-03 7.242833000000000116e-05
5.646814404099999956e+04 1.071142999999999922e-02 1.432413000000000002e-04
5.648302482600000076e+04 1.497509999999999987e-02 3.212892999999999869e-04
5.649208304299999872e+04 1.564843999999999957e-02 4.060164000000000112e-04
5.649999235800000315e+04 1.503076000000000065e-02 3.261159000000000128e-04
5.650000625099999888e+04 1.870068000000000077e-02 4.929849000000000037e-04
5.650892772100000002e+04 1.390625000000000021e-02 2.691802999999999882e-04
5.651781093800000235e+04 1.913329999999999892e-02 5.934917000000000491e-04
5.652795908400000189e+04 1.858154000000000056e-02 6.112026000000000221e-04
5.653694595100000151e+04 1.840723000000000012e-02 6.708115999999999862e-04
5.656092424700000265e+04 1.877734000000000000e-02 6.374034999999999901e-04
5.657188946800000122e+04 1.607470999999999900e-02 4.922830000000000435e-04
5.660080914399999892e+04 1.921776999999999860e-02 5.840485999999999768e-04
5.662766568199999892e+04 2.823729999999999990e-02 1.635553000000000094e-03
5.663370005900000251e+04 1.895020000000000038e-02 5.623415000000000098e-04
5.666345034699999815e+04 9.367187000000000777e-03 5.749083999999999792e-05
5.667951793799999723e+04 9.167968999999999771e-03 6.547035000000000582e-05
5.670026950300000317e+04 9.091797000000000420e-03 8.295346999999999573e-05
5.671621417900000233e+04 9.290526999999999813e-03 9.471101999999999635e-05
5.674134820700000273e+04 1.209082000000000039e-02 2.919902000000000153e-04
5.675333726200000092e+04 1.326464999999999936e-02 3.506439999999999991e-04
5.675333206100000098e+04 1.087060999999999930e-02 3.048583000000000217e-04
5.675334161000000313e+04 1.454052999999999943e-02 6.106485999999999728e-04
5.676928049800000008e+04 1.876318000000000083e-02 6.461130000000000258e-04
5.678231221099999675e+04 1.090283000000000051e-02 1.546572999999999871e-04
5.681219062400000257e+04 1.411376999999999944e-02 3.724005999999999866e-04
5.682717320299999847e+04 1.092627000000000008e-02 2.159697999999999935e-04
5.685103223399999843e+04 1.020654000000000006e-02 8.682047000000000462e-04
5.685202951400000165e+04 9.003906000000000756e-03 5.022954999999999955e-04
5.685701556500000152e+04 1.057372999999999993e-02 7.606825000000000002e-04
5.686399062399999821e+04 9.539551000000000280e-03 7.850125999999999589e-04
5.686401256000000285e+04 1.028808999999999974e-02 7.179870000000000089e-04
5.686499328999999852e+04 1.045604999999999972e-02 9.835163999999999539e-04
5.686599132100000134e+04 8.674805000000000710e-03 6.201884999999999863e-04
5.686700434200000018e+04 7.827637000000000136e-03 1.130614000000000055e-03
5.686798582200000237e+04 8.849120999999999723e-03 6.664464000000000369e-04
5.686898240200000146e+04 9.677246000000000459e-03 6.680711999999999675e-04
5.686898917899999651e+04 1.043457000000000065e-02 1.265349999999999938e-03
5.686899728100000357e+04 1.031298999999999931e-02 1.053331999999999923e-03
5.686997864400000253e+04 9.403319999999999734e-03 7.486968999999999569e-04
5.686998113400000148e+04 1.043651999999999948e-02 1.124741999999999973e-03
5.686999531299999944e+04 1.003125000000000024e-02 1.116936999999999921e-03
5.688197725699999864e+04 8.903809000000000376e-03 8.448598000000000251e-05
5.689877806599999894e+04 9.498047000000000781e-03 1.100250000000000045e-04
5.690883981599999970e+04 1.064892999999999916e-02 1.984392000000000024e-04
5.691784971100000257e+04 1.140527000000000034e-02 2.531383000000000222e-04
5.692790185200000269e+04 1.401953000000000053e-02 3.691273000000000123e-04
5.693586608700000215e+04 1.833593999999999849e-02 4.374242000000000191e-04
5.695480694400000357e+04 1.873827999999999952e-02 7.423443000000000272e-04
5.696952604399999836e+04 1.766211000000000170e-02 7.102381000000000059e-04
5.697971279099999811e+04 1.823535000000000086e-02 9.854482999999999819e-04
5.698874045099999785e+04 1.771777000000000074e-02 8.484276000000000014e-04
5.699774241800000163e+04 1.896973000000000062e-02 1.049227999999999923e-03
5.701165248799999972e+04 1.878271000000000107e-02 8.241719999999999689e-04
5.702940144600000349e+04 1.836377000000000148e-02 9.377482000000000352e-04
5.704057228000000032e+04 1.986376999999999934e-02 8.949064000000000281e-04
5.705752019499999733e+04 1.861768000000000103e-02 8.147868000000000168e-04
5.707029444399999920e+04 1.404101999999999954e-02 3.847678999999999791e-04
5.710239588999999978e+04 9.516112999999999655e-03 8.205991000000000424e-05
5.712225520800000231e+04 9.034179999999999294e-03 9.895560000000000510e-05
5.713921475700000155e+04 9.145020000000000232e-03 9.608413000000000598e-05
5.715520103999999992e+04 9.369629000000000846e-03 1.297237000000000130e-04
5.715520555500000046e+04 9.293456999999999760e-03 1.360903000000000004e-04
5.716924334300000191e+04 1.079834000000000002e-02 2.129832999999999976e-04
5.719213136400000076e+04 1.187842000000000064e-02 2.126540000000000006e-04
5.719213715200000297e+04 1.185546999999999990e-02 3.514713000000000039e-04
5.721004242099999828e+04 1.884131000000000000e-02 5.791915000000000128e-04
5.722707141199999751e+04 1.222754000000000028e-02 2.958072999999999757e-04
5.724894826499999908e+04 1.688817999999999916e-02 5.025932000000000316e-04
5.726498674700000265e+04 9.662109000000000322e-03 1.431593000000000102e-04
5.727666336900000169e+04 1.744238000000000038e-02 1.363276999999999978e-03
5.728962505799999781e+04 9.170898000000000244e-03 1.629403000000000025e-04
5.730782390100000339e+04 8.890136999999999345e-03 8.567809999999999543e-05
5.731954149399999733e+04 9.123535000000000325e-03 1.340323999999999943e-04
5.735841012700000283e+04 1.127538999999999972e-02 4.884022999999999707e-04
5.736768506999999954e+04 1.421923999999999931e-02 3.828325000000000044e-04
5.738946753400000307e+04 1.850243999999999847e-02 6.710274999999999920e-04
5.740360648400000355e+04 1.942626999999999896e-02 6.882512000000000352e-04
5.741135416599999735e+04 1.953809000000000101e-02 8.084241000000000040e-04
5.743324658300000010e+04 1.830713000000000132e-02 8.539580000000000391e-04
5.745840353000000323e+04 1.873290999999999845e-02 6.439138000000000283e-04
5.747240654000000359e+04 1.915185999999999972e-02 1.006016999999999892e-03
5.748633576300000277e+04 1.856493999999999853e-02 7.853012000000000360e-04
5.749528657299999759e+04 1.885985999999999913e-02 6.397367999999999631e-04
5.750528738200000225e+04 9.875976999999999326e-03 1.117905000000000065e-04
5.750528877199999988e+04 9.766112999999999877e-03 1.026646999999999998e-04
5.751431857599999785e+04 9.892578000000000829e-03 1.314025000000000078e-04
5.752416290499999741e+04 1.095459000000000016e-02 1.472040000000000089e-04
5.753520133099999657e+04 9.414063000000000292e-03 8.845247000000000526e-05
5.759993113599999924e+04 1.008397999999999933e-02 1.535727999999999876e-04
5.760898900300000241e+04 1.053466999999999945e-02 1.502002000000000057e-04
5.762194646800000191e+04 1.229150000000000034e-02 4.628031000000000007e-04
5.762969583099999727e+04 1.106688999999999937e-02 2.143070000000000066e-04
5.763794288300000335e+04 1.123632999999999924e-02 2.020008000000000057e-04
5.766080584600000293e+04 1.085840000000000069e-02 1.775415000000000077e-04
5.767180659800000285e+04 1.957617000000000038e-02 5.724121999999999674e-04
5.769175763800000277e+04 1.441991999999999927e-02 3.374483999999999860e-04
5.770574177600000257e+04 9.578612999999999711e-03 1.959815000000000005e-04
5.770574352000000363e+04 9.939452999999999136e-03 3.320551000000000253e-04
5.770578547300000355e+04 9.244141000000000857e-03 3.413972000000000252e-04
5.771873512599999958e+04 9.366698999999999165e-03 1.137531000000000002e-04
5.772968883199999982e+04 9.024413999999999700e-03 1.014084999999999965e-04
5.774360619399999996e+04 9.086425999999999878e-03 1.030396000000000019e-04
5.775056377300000167e+04 8.958007999999999943e-03 8.988147999999999515e-05
5.776560665300000255e+04 9.081542999999999213e-03 1.191470000000000029e-04
5.777559722199999669e+04 9.147461000000000828e-03 1.368111000000000088e-04
5.780052795199999673e+04 1.439208999999999974e-02 6.558809999999999770e-04
5.780150451500000054e+04 1.166503999999999978e-02 2.433450999999999887e-04
5.781914039300000150e+04 1.199071999999999985e-02 3.666912000000000036e-04
5.783519762800000171e+04 1.910888999999999990e-02 8.788335000000000417e-04
5.785010445400000026e+04 1.957178000000000043e-02 7.474270999999999780e-04
5.786427899199999956e+04 1.070654000000000050e-02 4.793106000000000103e-03
5.786927575200000138e+04 9.989746000000000736e-03 5.032596999999999765e-03
5.787725387800000317e+04 1.057372999999999993e-02 9.460154999999999823e-04
5.787825115599999845e+04 1.005712999999999920e-02 4.575433999999999751e-03
5.789819623699999647e+04 2.272313999999999931e-02 6.315323999999999981e-04
5.792612008100000094e+04 1.402539000000000043e-02 1.246160999999999970e-03
5.793310069400000066e+04 2.420800999999999856e-02 2.261397000000000060e-03
5.793609276600000157e+04 2.389990000000000170e-02 2.163220999999999894e-03
5.793709004699999787e+04 1.841846000000000108e-02 4.074653000000000129e-03
5.793808732600000076e+04 1.671436000000000102e-02 2.455137000000000031e-03
5.793906383099999948e+04 1.766308999999999935e-02 1.707891000000000010e-03
5.794205567200000223e+04 1.492529000000000078e-02 1.710818000000000018e-03
5.794305289500000072e+04 1.360937000000000084e-02 9.505730999999999469e-04
5.794405017400000361e+04 1.650391000000000011e-02 2.258181000000000164e-03
5.794504739500000142e+04 1.030029000000000014e-02 1.656043000000000055e-03
5.795604207199999655e+04 9.712890999999999539e-03 9.992343000000000156e-05
5.797003987100000086e+04 1.852979000000000084e-02 8.148415000000000215e-04
5.798291342399999849e+04 9.494628999999999222e-03 1.203340000000000036e-04
5.798292505900000106e+04 9.501465000000000605e-03 1.217779000000000051e-04
5.799491093700000056e+04 1.052880999999999956e-02 5.293228999999999990e-03
5.799590815999999904e+04 1.007715000000000000e-02 1.281402000000000062e-03
5.799690549800000008e+04 8.961425999999999767e-03 6.415659999999999896e-04
5.799790260400000261e+04 7.811522999999999904e-03 5.361235999999999910e-04
5.799889970999999787e+04 8.390137000000000636e-03 8.322488000000000065e-04
