5.485037013699999807e+04
5.485537629000000015e+04
5.486124072699999670e+04
5.486636845999999787e+04
5.487154985499999748e+04
5.487626817100000335e+04
5.488229334499999823e+04
5.490517482700000255e+04
5.491108645599999727e+04
5.492337129699999787e+04
5.492821446899999864e+04
5.493326423500000237e+04
5.493825873799999681e+04
5.494415000200000213e+04
5.495396921100000327e+04
5.495812904800000251e+04
5.496230069399999775e+04
5.497220006100000319e+04
5.497616168900000048e+04
5.497996383300000161e+04
5.498504884100000345e+04
5.503304832100000203e+04
5.503674999799999932e+04
5.504895648100000108e+04
5.505397992099999828e+04
5.505779861199999868e+04
5.506195532300000195e+04
5.506776180700000259e+04
5.507299467600000207e+04
5.507300028800000291e+04
5.507799554299999727e+04
5.508387546200000361e+04
5.508889710599999671e+04
5.509260775299999659e+04
5.509589762599999813e+04
5.509978518600000098e+04
5.510578217600000062e+04
5.510985931800000253e+04
5.511981359900000098e+04
5.513084698799999751e+04
5.513554467699999805e+04
5.515057002500000090e+04
5.516370370299999922e+04
5.516971417400000064e+04
5.516971845900000335e+04
5.517469161000000167e+04
5.518047609999999986e+04
5.518458755999999994e+04
5.518837210800000321e+04
5.519336620399999811e+04
5.520240225600000122e+04
5.520649490599999990e+04
5.521031979100000171e+04
5.521643842500000028e+04
5.522043877500000235e+04
5.522452222299999994e+04
5.523029843899999833e+04
5.523446458300000086e+04
5.524043431799999962e+04
5.524534404000000359e+04
5.524945138600000064e+04
5.525435735099999874e+04
5.525939554399999906e+04
5.526842054400000052e+04
5.529032471100000112e+04
5.529429641200000333e+04
5.530330086699999811e+04
5.531525989300000219e+04
5.532009207299999980e+04
5.532519618199999968e+04
5.533125306599999749e+04
5.533495943300000363e+04
5.536011093799999799e+04
5.536902662099999725e+04
5.537808507000000100e+04
5.538495601799999713e+04
5.538902812299999641e+04
5.539586296199999924e+04
5.540304062400000112e+04
5.540982135500000004e+04
5.541482395800000086e+04
5.542203159800000140e+04
5.542797818299999926e+04
5.543491412300000229e+04
5.544272557300000335e+04
5.544274259100000199e+04
5.545191365799999767e+04
5.546890960400000040e+04
5.547686724500000128e+04
5.548582638800000132e+04
5.548583200300000317e+04
5.549380283500000223e+04
5.551873784799999703e+04
5.552655775300000096e+04
5.552960578900000110e+04
5.553176643599999807e+04
5.553269432999999844e+04
5.553957308899999771e+04
5.554752540600000066e+04
5.555058831099999952e+04
5.555159131999999954e+04
5.555638518399999884e+04
5.556930543900000339e+04
5.558051157499999681e+04
5.558957922300000064e+04
5.559551359899999807e+04
5.560355590200000006e+04
5.561241030100000353e+04
5.561940931699999783e+04
5.563646695500000351e+04
5.564513616999999795e+04
5.565311354099999880e+04
5.566230578899999819e+04
5.566933657300000050e+04
5.567718802100000175e+04
5.568825781399999687e+04
5.569525179599999683e+04
5.570919305500000337e+04
5.571914976800000295e+04
5.573094305500000337e+04
5.573888124899999821e+04
5.574702361299999757e+04
5.575400752400000056e+04
5.577376047400000243e+04
5.578204056699999637e+04
5.579400567099999898e+04
5.580288952399999835e+04
5.580869021700000303e+04
5.582893090300000040e+04
5.584072447899999679e+04
5.584179687500000000e+04
5.584980456899999990e+04
5.584980978000000323e+04
5.586280862199999683e+04
5.587673252399999910e+04
5.588960173400000349e+04
5.588960723400000279e+04
5.589863350699999864e+04
5.591256458299999940e+04
5.592342066099999647e+04
5.593351956000000064e+04
5.594141683999999805e+04
5.595230503599999793e+04
5.596149970900000335e+04
5.596849120399999811e+04
5.597628981400000339e+04
5.598743426100000215e+04
5.600339525500000309e+04
5.601040723499999876e+04
5.601807864600000175e+04
5.603025763700000243e+04
5.603719797500000277e+04
5.605020306600000185e+04
5.606321272799999861e+04
5.606323315900000307e+04
5.607617603899999813e+04
5.608604097200000251e+04
5.610116342599999916e+04
5.611109610699999757e+04
5.611111121499999717e+04
5.612803350599999976e+04
5.612804467699999805e+04
5.614002384200000233e+04
5.615493454799999745e+04
5.615493379699999787e+04
5.615495324100000289e+04
5.617397175900000002e+04
5.618486226799999713e+04
5.624777783300000010e+04
5.625967783600000257e+04
5.629362129000000277e+04
5.630956782199999725e+04
5.633053368000000046e+04
5.635242679299999872e+04
5.636641713000000163e+04
5.637818055699999968e+04
5.639024392000000080e+04
5.640521632099999988e+04
5.642026012099999934e+04
5.642026880800000072e+04
5.644321441100000084e+04
5.646814404099999956e+04
5.648302482600000076e+04
5.649208304299999872e+04
5.649999235800000315e+04
5.650000625099999888e+04
5.650892772100000002e+04
5.651781093800000235e+04
5.652795908400000189e+04
5.653694595100000151e+04
5.656092424700000265e+04
5.657188946800000122e+04
5.660080914399999892e+04
5.662766568199999892e+04
5.663370005900000251e+04
5.666345034699999815e+04
5.667951793799999723e+04
5.670026950300000317e+04
5.671621417900000233e+04
5.674134820700000273e+04
5.675333726200000092e+04
5.675333206100000098e+04
5.675334161000000313e+04
5.676928049800000008e+04
5.678231221099999675e+04
5.681219062400000257e+04
5.682717320299999847e+04
5.685103223399999843e+04
5.685202951400000165e+04
5.685701556500000152e+04
5.686399062399999821e+04
5.686401256000000285e+04
5.686499328999999852e+04
5.686599132100000134e+04
5.686700434200000018e+04
5.686798582200000237e+04
5.686898240200000146e+04
5.686898917899999651e+04
5.686899728100000357e+04
5.686997864400000253e+04
5.686998113400000148e+04
5.686999531299999944e+04
5.688197725699999864e+04
5.689877806599999894e+04
5.690883981599999970e+04
5.691784971100000257e+04
5.692790185200000269e+04
5.693586608700000215e+04
5.695480694400000357e+04
5.696952604399999836e+04
5.697971279099999811e+04
5.698874045099999785e+04
5.699774241800000163e+04
5.701165248799999972e+04
5.702940144600000349e+04
5.704057228000000032e+04
5.705752019499999733e+04
5.707029444399999920e+04
5.710239588999999978e+04
5.712225520800000231e+04
5.713921475700000155e+04
5.715520103999999992e+04
5.715520555500000046e+04
5.716924334300000191e+04
5.719213136400000076e+04
5.719213715200000297e+04
5.721004242099999828e+04
5.722707141199999751e+04
5.724894826499999908e+04
5.726498674700000265e+04
5.727666336900000169e+04
5.728962505799999781e+04
5.730782390100000339e+04
5.731954149399999733e+04
5.735841012700000283e+04
5.736768506999999954e+04
5.738946753400000307e+04
5.740360648400000355e+04
5.741135416599999735e+04
5.743324658300000010e+04
5.745840353000000323e+04
5.747240654000000359e+04
5.748633576300000277e+04
5.749528657299999759e+04
5.750528738200000225e+04
5.750528877199999988e+04
5.751431857599999785e+04
5.752416290499999741e+04
5.753520133099999657e+04
5.759993113599999924e+04
5.760898900300000241e+04
5.762194646800000191e+04
5.762969583099999727e+04
5.763794288300000335e+04
5.766080584600000293e+04
5.767180659800000285e+04
5.769175763800000277e+04
5.770574177600000257e+04
5.770574352000000363e+04
5.770578547300000355e+04
5.771873512599999958e+04
5.772968883199999982e+04
5.774360619399999996e+04
5.775056377300000167e+04
5.776560665300000255e+04
5.777559722199999669e+04
5.780052795199999673e+04
5.780150451500000054e+04
5.781914039300000150e+04
5.783519762800000171e+04
5.785010445400000026e+04
5.786427899199999956e+04
5.786927575200000138e+04
5.787725387800000317e+04
5.787825115599999845e+04
5.789819623699999647e+04
5.792612008100000094e+04
5.793310069400000066e+04
5.793609276600000157e+04
5.793709004699999787e+04
5.793808732600000076e+04
5.793906383099999948e+04
5.794205567200000223e+04
5.794305289500000072e+04
5.794405017400000361e+04
5.794504739500000142e+04
5.795604207199999655e+04
5.797003987100000086e+04
5.798291342399999849e+04
5.798292505900000106e+04
5.799491093700000056e+04
5.799590815999999904e+04
5.799690549800000008e+04
5.799790260400000261e+04
5.799889970999999787e+04
